# Created by Octave 4.0.0, Tue Dec 06 11:46:28 2016 Pacific Standard Time <unknown@adshar>
# name: model
# type: scalar struct
# ndims: 2
 1 1
# length: 2
# name: W
# type: cell
# rows: 1
# columns: 3
# name: <cell-element>
# type: matrix
# rows: 2
# columns: 8
 -6.691948248243454 4.474045188346312 -3.873160412202976 5.162205987095473 -3.184748332730244 4.706996459250684 -4.098805932377765 -2.317639926399778
 0.489787016060073 -0.5021697953863069 -0.4854326306977315 -0.2493004003649342 -6.788056930390439 -9.770979123982075 -10.01728206772244 7.109679701367885



# name: <cell-element>
# type: matrix
# rows: 8
# columns: 8
 -3.022214847519716 -1.685814080081144 -1.779289484070632 6.648567524946333 -0.1068718517107979 -0.8118135634080897 1.723151521466243 -2.086826413695896
 2.94591685914643 -1.900866329757924 4.935739348666925 -3.434691354670495 -1.557400183825936 0.7541293736106854 -1.16490620059235 -0.1774129682526743
 -2.277605020619828 -0.1693954569804259 -1.526008933057033 3.364439052369993 0.4456226910905894 0.2074856157754072 0.8786357271960419 -2.616682434229867
 5.753513785936212 -1.000323622503147 5.908438966659503 -3.084338596326374 -0.7508365852540888 -0.8135865707549228 1.997917462672491 1.517057215526715
 -1.012048030865081 -1.160824904011685 1.508769728320349 7.267198712331631 -0.3660925144538306 0.6681529821778588 2.369766742172375 -3.771965269845399
 -1.793863119205754 -0.8184484794020682 -1.95353867843034 -9.943621097754519 2.469636606151601 2.759763394325917 0.6181521087739384 3.777648189289421
 -6.606946537951049 0.9597192271183309 -6.580907375880523 -0.2977624128195913 2.783367836933707 1.076155807072324 -0.07322391892342403 -0.6140084597510561
 -7.387010679366194 -0.5036152270990358 -6.170374842609969 -5.0052522722099 0.2518476759144359 -0.5568488735573973 0.4056784910616019 3.618324914102168



# name: <cell-element>
# type: matrix
# rows: 8
# columns: 1
 -11.66325373525766
 2.122879046139086
 -10.09076596715649
 -14.36897148937006
 3.937697607032497
 2.784316873363204
 -0.2425769714248097
 6.528997183085173





# name: b
# type: cell
# rows: 1
# columns: 3
# name: <cell-element>
# type: matrix
# rows: 1
# columns: 8
 -1.156136435441027 -0.5068410165225867 0.9123890316479917 0.05728888875286593 -3.437108622681635 5.319899355952494 4.723031907420265 3.190436743846418



# name: <cell-element>
# type: matrix
# rows: 1
# columns: 8
 5.929027713167597 -1.756320122501492 2.960431990077819 3.550373672934875 -1.733879216809355 -0.1077657669699395 0.9170593301235149 -1.301853422478266



# name: <cell-element>
# type: scalar
-0.5154351057524912







