# Created by Octave 4.0.0, Mon Dec 05 09:23:17 2016 Pacific Standard Time <unknown@adshar>
# name: model
# type: scalar struct
# ndims: 2
 1 1
# length: 1
# name: W
# type: cell
# rows: 1
# columns: 3
# name: <cell-element>
# type: matrix
# rows: 2
# columns: 8
 -0.9606953344853745 3.384906574177591 0.401610064756961 -0.5489880581565656 3.286316540696318 -3.009144448962864 -9.237347698032099 0.2712937532026612
 2.24774552230141 -1.042675560834704 -3.223439131968059 2.986274297722582 -1.190872782975487 0.8326909158684767 2.958941291808238 -4.256276707298829



# name: <cell-element>
# type: matrix
# rows: 8
# columns: 8
 -0.7639394269351865 -4.127904312006613 -2.227432678203247 1.827982324246737 -2.986804370897688 0.2896489793323953 -0.5114799966074047 -5.957817580917979
 -8.442396190885818 4.131461066702156 0.1996923327429974 1.796689759660701 1.165064342979011 -0.09906372045950664 0.9510237528105383 -1.104183548267132
 -0.9522795087375261 -1.816418580866907 4.99862548811919 1.241200456139341 5.222501762352476 -0.3075791632468598 0.9351989480156302 3.877826834784881
 -3.290442457344756 -1.900960349829595 -3.523119444647538 1.415512848474498 -2.570484630007679 -0.8227514899057424 2.352770348051593 -8.533074177167254
 -7.883951183731606 4.07506748427191 -1.544920639813829 0.1345808178893808 -0.3392177753567979 -2.379513863941869 1.580902532530022 0.6818480456958163
 3.436053027387502 -7.351673773473067 3.328557137489904 0.8027367536372491 -0.8995548527224073 0.1940402120695413 0.9627641812703354 -2.579810685263149
 4.203723142895724 -4.938321573479193 0.7395181887306096 -0.1955646932913803 4.557710947945154 -1.758032933658636 0.7775937481592633 5.007338967241579
 -1.700572755032523 -2.755017475517386 6.617142738882305 2.008614571878928 5.50185019204733 -0.6842651179247973 1.451398745554697 0.8503492720088045



# name: <cell-element>
# type: matrix
# rows: 8
# columns: 1
 -26.51591280860206
 -25.66878509530975
 20.38391113971438
 -4.216992430545947
 9.25912557396733
 0.7032622153990575
 -2.407715648146382
 -27.08689190591408







